mean = 20.8351656089
std = 4.56772652321
max = 33.7888685118
min = 10.7332295357
